//
//  Tournament.swift
//  Bluff City Cup
//
//  Created by Ross Montague on 2/29/16.
//  Copyright © 2016 Jumpstop Creations. All rights reserved.
//

import Foundation
import CloudKit

class Tournament {
    
    static let alternateShotProbabilities: [Int: [Int: [Int: (blueWin: Double, redWin: Double, tie: Double)]]] = [
        9: [
            1: [
                0: (blueWin: 0.416, redWin: 0.416, tie: 0.169),
            ],
            2: [
                -1: (blueWin: 0.249, redWin: 0.589, tie: 0.162),
                0: (blueWin: 0.411, redWin: 0.411, tie: 0.178),
                1: (blueWin: 0.589, redWin: 0.249, tie: 0.162),
            ],
            3: [
                -2: (blueWin: 0.112, redWin: 0.765, tie: 0.123),
                -1: (blueWin: 0.235, redWin: 0.595, tie: 0.17),
                0: (blueWin: 0.405, redWin: 0.405, tie: 0.19),
                1: (blueWin: 0.595, redWin: 0.235, tie: 0.17),
                2: (blueWin: 0.765, redWin: 0.112, tie: 0.123),
            ],
            4: [
                -3: (blueWin: 0.03, redWin: 0.906, tie: 0.064),
                -2: (blueWin: 0.094, redWin: 0.783, tie: 0.123),
                -1: (blueWin: 0.217, redWin: 0.602, tie: 0.18),
                0: (blueWin: 0.398, redWin: 0.398, tie: 0.204),
                1: (blueWin: 0.602, redWin: 0.217, tie: 0.18),
                2: (blueWin: 0.783, redWin: 0.094, tie: 0.123),
                3: (blueWin: 0.906, redWin: 0.03, tie: 0.064),
            ],
            5: [
                -4: (blueWin: 0.002, redWin: 0.981, tie: 0.016),
                -3: (blueWin: 0.019, redWin: 0.926, tie: 0.055),
                -2: (blueWin: 0.074, redWin: 0.804, tie: 0.122),
                -1: (blueWin: 0.196, redWin: 0.611, tie: 0.192),
                0: (blueWin: 0.389, redWin: 0.389, tie: 0.223),
                1: (blueWin: 0.611, redWin: 0.196, tie: 0.192),
                2: (blueWin: 0.804, redWin: 0.074, tie: 0.122),
                3: (blueWin: 0.926, redWin: 0.019, tie: 0.055),
                4: (blueWin: 0.981, redWin: 0.002, tie: 0.016),
            ],
            6: [
                -4: (blueWin: 0.0, redWin: 0.992, tie: 0.008),
                -3: (blueWin: 0.008, redWin: 0.949, tie: 0.043),
                -2: (blueWin: 0.051, redWin: 0.83, tie: 0.119),
                -1: (blueWin: 0.17, redWin: 0.623, tie: 0.206),
                0: (blueWin: 0.376, redWin: 0.376, tie: 0.247),
                1: (blueWin: 0.623, redWin: 0.17, tie: 0.206),
                2: (blueWin: 0.83, redWin: 0.051, tie: 0.119),
                3: (blueWin: 0.949, redWin: 0.008, tie: 0.043),
                4: (blueWin: 0.992, redWin: 0.0, tie: 0.008),
            ],
            7: [
                -3: (blueWin: 0.0, redWin: 0.973, tie: 0.027),
                -2: (blueWin: 0.027, redWin: 0.865, tie: 0.108),
                -1: (blueWin: 0.135, redWin: 0.64, tie: 0.225),
                0: (blueWin: 0.36, redWin: 0.36, tie: 0.28),
                1: (blueWin: 0.64, redWin: 0.135, tie: 0.225),
                2: (blueWin: 0.865, redWin: 0.027, tie: 0.108),
                3: (blueWin: 0.973, redWin: 0.0, tie: 0.027),
            ],
            8: [
                -2: (blueWin: 0.0, redWin: 0.91, tie: 0.09),
                -1: (blueWin: 0.09, redWin: 0.67, tie: 0.24),
                0: (blueWin: 0.33, redWin: 0.33, tie: 0.34),
                1: (blueWin: 0.67, redWin: 0.09, tie: 0.24),
                2: (blueWin: 0.91, redWin: 0.0, tie: 0.09),
            ],
            9: [
                -1: (blueWin: 0.0, redWin: 0.7, tie: 0.3),
                0: (blueWin: 0.3, redWin: 0.3, tie: 0.4),
                1: (blueWin: 0.7, redWin: 0.0, tie: 0.3),
            ]
        ],
        18: [
            1: [
                0: (blueWin: 0.44, redWin: 0.44, tie: 0.12),
            ],
                2: [
                    -1: (blueWin: 0.32, redWin: 0.562, tie: 0.118),
                    0: (blueWin: 0.438, redWin: 0.438, tie: 0.124),
                    1: (blueWin: 0.562, redWin: 0.32, tie: 0.118),
                ],
                3: [
                    -2: (blueWin: 0.211, redWin: 0.685, tie: 0.104),
                    -1: (blueWin: 0.315, redWin: 0.564, tie: 0.121),
                    0: (blueWin: 0.436, redWin: 0.436, tie: 0.127),
                    1: (blueWin: 0.564, redWin: 0.315, tie: 0.121),
                    2: (blueWin: 0.685, redWin: 0.211, tie: 0.104),
                ],
                4: [
                    -3: (blueWin: 0.122, redWin: 0.797, tie: 0.081),
                    -2: (blueWin: 0.203, redWin: 0.69, tie: 0.106),
                    -1: (blueWin: 0.31, redWin: 0.566, tie: 0.125),
                    0: (blueWin: 0.434, redWin: 0.434, tie: 0.132),
                    1: (blueWin: 0.566, redWin: 0.31, tie: 0.125),
                    2: (blueWin: 0.69, redWin: 0.203, tie: 0.106),
                    3: (blueWin: 0.797, redWin: 0.122, tie: 0.081),
                ],
                5: [
                    -4: (blueWin: 0.06, redWin: 0.886, tie: 0.054),
                    -3: (blueWin: 0.114, redWin: 0.805, tie: 0.081),
                    -2: (blueWin: 0.195, redWin: 0.697, tie: 0.108),
                    -1: (blueWin: 0.303, redWin: 0.568, tie: 0.128),
                    0: (blueWin: 0.432, redWin: 0.432, tie: 0.136),
                    1: (blueWin: 0.568, redWin: 0.303, tie: 0.128),
                    2: (blueWin: 0.697, redWin: 0.195, tie: 0.108),
                    3: (blueWin: 0.805, redWin: 0.114, tie: 0.081),
                    4: (blueWin: 0.886, redWin: 0.06, tie: 0.054),
                ],
                6: [
                    -5: (blueWin: 0.023, redWin: 0.947, tie: 0.03),
                    -4: (blueWin: 0.053, redWin: 0.895, tie: 0.052),
                    -3: (blueWin: 0.105, redWin: 0.814, tie: 0.081),
                    -2: (blueWin: 0.186, redWin: 0.703, tie: 0.11),
                    -1: (blueWin: 0.297, redWin: 0.571, tie: 0.133),
                    0: (blueWin: 0.429, redWin: 0.429, tie: 0.141),
                    1: (blueWin: 0.571, redWin: 0.297, tie: 0.133),
                    2: (blueWin: 0.703, redWin: 0.186, tie: 0.11),
                    3: (blueWin: 0.814, redWin: 0.105, tie: 0.081),
                    4: (blueWin: 0.895, redWin: 0.053, tie: 0.052),
                    5: (blueWin: 0.947, redWin: 0.023, tie: 0.03),
                ],
                7: [
                    -6: (blueWin: 0.007, redWin: 0.981, tie: 0.012),
                    -5: (blueWin: 0.019, redWin: 0.954, tie: 0.027),
                    -4: (blueWin: 0.046, redWin: 0.904, tie: 0.05),
                    -3: (blueWin: 0.096, redWin: 0.823, tie: 0.081),
                    -2: (blueWin: 0.177, redWin: 0.711, tie: 0.113),
                    -1: (blueWin: 0.289, redWin: 0.573, tie: 0.137),
                    0: (blueWin: 0.427, redWin: 0.427, tie: 0.147),
                    1: (blueWin: 0.573, redWin: 0.289, tie: 0.137),
                    2: (blueWin: 0.711, redWin: 0.177, tie: 0.113),
                    3: (blueWin: 0.823, redWin: 0.096, tie: 0.081),
                    4: (blueWin: 0.904, redWin: 0.046, tie: 0.05),
                    5: (blueWin: 0.954, redWin: 0.019, tie: 0.027),
                    6: (blueWin: 0.981, redWin: 0.007, tie: 0.012),
                ],
                8: [
                    -7: (blueWin: 0.001, redWin: 0.995, tie: 0.004),
                    -6: (blueWin: 0.005, redWin: 0.985, tie: 0.01),
                    -5: (blueWin: 0.015, redWin: 0.961, tie: 0.024),
                    -4: (blueWin: 0.039, redWin: 0.914, tie: 0.048),
                    -3: (blueWin: 0.086, redWin: 0.834, tie: 0.08),
                    -2: (blueWin: 0.166, redWin: 0.719, tie: 0.115),
                    -1: (blueWin: 0.281, redWin: 0.576, tie: 0.142),
                    0: (blueWin: 0.424, redWin: 0.424, tie: 0.153),
                    1: (blueWin: 0.576, redWin: 0.281, tie: 0.142),
                    2: (blueWin: 0.719, redWin: 0.166, tie: 0.115),
                    3: (blueWin: 0.834, redWin: 0.086, tie: 0.08),
                    4: (blueWin: 0.914, redWin: 0.039, tie: 0.048),
                    5: (blueWin: 0.961, redWin: 0.015, tie: 0.024),
                    6: (blueWin: 0.985, redWin: 0.005, tie: 0.01),
                    7: (blueWin: 0.995, redWin: 0.001, tie: 0.004),
                ],
                9: [
                    -8: (blueWin: 0.0, redWin: 0.999, tie: 0.001),
                    -7: (blueWin: 0.001, redWin: 0.997, tie: 0.002),
                    -6: (blueWin: 0.003, redWin: 0.989, tie: 0.008),
                    -5: (blueWin: 0.011, redWin: 0.968, tie: 0.021),
                    -4: (blueWin: 0.032, redWin: 0.924, tie: 0.044),
                    -3: (blueWin: 0.076, redWin: 0.845, tie: 0.079),
                    -2: (blueWin: 0.155, redWin: 0.728, tie: 0.117),
                    -1: (blueWin: 0.272, redWin: 0.58, tie: 0.148),
                    0: (blueWin: 0.42, redWin: 0.42, tie: 0.16),
                    1: (blueWin: 0.58, redWin: 0.272, tie: 0.148),
                    2: (blueWin: 0.728, redWin: 0.155, tie: 0.117),
                    3: (blueWin: 0.845, redWin: 0.076, tie: 0.079),
                    4: (blueWin: 0.924, redWin: 0.032, tie: 0.044),
                    5: (blueWin: 0.968, redWin: 0.011, tie: 0.021),
                    6: (blueWin: 0.989, redWin: 0.003, tie: 0.008),
                    7: (blueWin: 0.997, redWin: 0.001, tie: 0.002),
                    8: (blueWin: 0.999, redWin: 0.0, tie: 0.001),
                ],
                10: [
                    -9: (blueWin: 0.0, redWin: 1.0, tie: 0.0),
                    -8: (blueWin: 0.0, redWin: 1.0, tie: 0.0),
                    -7: (blueWin: 0.0, redWin: 0.998, tie: 0.001),
                    -6: (blueWin: 0.002, redWin: 0.992, tie: 0.006),
                    -5: (blueWin: 0.008, redWin: 0.975, tie: 0.017),
                    -4: (blueWin: 0.025, redWin: 0.935, tie: 0.041),
                    -3: (blueWin: 0.065, redWin: 0.858, tie: 0.077),
                    -2: (blueWin: 0.142, redWin: 0.739, tie: 0.119),
                    -1: (blueWin: 0.261, redWin: 0.584, tie: 0.155),
                    0: (blueWin: 0.416, redWin: 0.416, tie: 0.169),
                    1: (blueWin: 0.584, redWin: 0.261, tie: 0.155),
                    2: (blueWin: 0.739, redWin: 0.142, tie: 0.119),
                    3: (blueWin: 0.858, redWin: 0.065, tie: 0.077),
                    4: (blueWin: 0.935, redWin: 0.025, tie: 0.041),
                    5: (blueWin: 0.975, redWin: 0.008, tie: 0.017),
                    6: (blueWin: 0.992, redWin: 0.002, tie: 0.006),
                    7: (blueWin: 0.998, redWin: 0.0, tie: 0.001),
                    8: (blueWin: 1.0, redWin: 0.0, tie: 0.0),
                    9: (blueWin: 1.0, redWin: 0.0, tie: 0.0),
                ],
                11: [
                    -8: (blueWin: 0.0, redWin: 1.0, tie: 0.0),
                    -7: (blueWin: 0.0, redWin: 0.999, tie: 0.001),
                    -6: (blueWin: 0.001, redWin: 0.995, tie: 0.004),
                    -5: (blueWin: 0.005, redWin: 0.982, tie: 0.014),
                    -4: (blueWin: 0.018, redWin: 0.946, tie: 0.036),
                    -3: (blueWin: 0.054, redWin: 0.872, tie: 0.074),
                    -2: (blueWin: 0.128, redWin: 0.751, tie: 0.121),
                    -1: (blueWin: 0.249, redWin: 0.589, tie: 0.162),
                    0: (blueWin: 0.411, redWin: 0.411, tie: 0.178),
                    1: (blueWin: 0.589, redWin: 0.249, tie: 0.162),
                    2: (blueWin: 0.751, redWin: 0.128, tie: 0.121),
                    3: (blueWin: 0.872, redWin: 0.054, tie: 0.074),
                    4: (blueWin: 0.946, redWin: 0.018, tie: 0.036),
                    5: (blueWin: 0.982, redWin: 0.005, tie: 0.014),
                    6: (blueWin: 0.995, redWin: 0.001, tie: 0.004),
                    7: (blueWin: 0.999, redWin: 0.0, tie: 0.001),
                    8: (blueWin: 1.0, redWin: 0.0, tie: 0.0),
                ],
                12: [
                    -7: (blueWin: 0.0, redWin: 1.0, tie: 0.0),
                    -6: (blueWin: 0.0, redWin: 0.998, tie: 0.002),
                    -5: (blueWin: 0.002, redWin: 0.988, tie: 0.01),
                    -4: (blueWin: 0.012, redWin: 0.958, tie: 0.03),
                    -3: (blueWin: 0.042, redWin: 0.888, tie: 0.07),
                    -2: (blueWin: 0.112, redWin: 0.765, tie: 0.123),
                    -1: (blueWin: 0.235, redWin: 0.595, tie: 0.17),
                    0: (blueWin: 0.405, redWin: 0.405, tie: 0.19),
                    1: (blueWin: 0.595, redWin: 0.235, tie: 0.17),
                    2: (blueWin: 0.765, redWin: 0.112, tie: 0.123),
                    3: (blueWin: 0.888, redWin: 0.042, tie: 0.07),
                    4: (blueWin: 0.958, redWin: 0.012, tie: 0.03),
                    5: (blueWin: 0.988, redWin: 0.002, tie: 0.01),
                    6: (blueWin: 0.998, redWin: 0.0, tie: 0.002),
                    7: (blueWin: 1.0, redWin: 0.0, tie: 0.0),
                ],
                13: [
                    -6: (blueWin: 0.0, redWin: 0.999, tie: 0.001),
                    -5: (blueWin: 0.001, redWin: 0.993, tie: 0.006),
                    -4: (blueWin: 0.007, redWin: 0.97, tie: 0.024),
                    -3: (blueWin: 0.03, redWin: 0.906, tie: 0.064),
                    -2: (blueWin: 0.094, redWin: 0.783, tie: 0.123),
                    -1: (blueWin: 0.217, redWin: 0.602, tie: 0.18),
                    0: (blueWin: 0.398, redWin: 0.398, tie: 0.204),
                    1: (blueWin: 0.602, redWin: 0.217, tie: 0.18),
                    2: (blueWin: 0.783, redWin: 0.094, tie: 0.123),
                    3: (blueWin: 0.906, redWin: 0.03, tie: 0.064),
                    4: (blueWin: 0.97, redWin: 0.007, tie: 0.024),
                    5: (blueWin: 0.993, redWin: 0.001, tie: 0.006),
                    6: (blueWin: 0.999, redWin: 0.0, tie: 0.001),
                ],
                14: [
                    -5: (blueWin: 0.0, redWin: 0.998, tie: 0.002),
                    -4: (blueWin: 0.002, redWin: 0.981, tie: 0.016),
                    -3: (blueWin: 0.019, redWin: 0.926, tie: 0.055),
                    -2: (blueWin: 0.074, redWin: 0.804, tie: 0.122),
                    -1: (blueWin: 0.196, redWin: 0.611, tie: 0.192),
                    0: (blueWin: 0.389, redWin: 0.389, tie: 0.223),
                    1: (blueWin: 0.611, redWin: 0.196, tie: 0.192),
                    2: (blueWin: 0.804, redWin: 0.074, tie: 0.122),
                    3: (blueWin: 0.926, redWin: 0.019, tie: 0.055),
                    4: (blueWin: 0.981, redWin: 0.002, tie: 0.016),
                    5: (blueWin: 0.998, redWin: 0.0, tie: 0.002),
                ],
                15: [
                    -4: (blueWin: 0.0, redWin: 0.992, tie: 0.008),
                    -3: (blueWin: 0.008, redWin: 0.949, tie: 0.043),
                    -2: (blueWin: 0.051, redWin: 0.83, tie: 0.119),
                    -1: (blueWin: 0.17, redWin: 0.623, tie: 0.206),
                    0: (blueWin: 0.376, redWin: 0.376, tie: 0.247),
                    1: (blueWin: 0.623, redWin: 0.17, tie: 0.206),
                    2: (blueWin: 0.83, redWin: 0.051, tie: 0.119),
                    3: (blueWin: 0.949, redWin: 0.008, tie: 0.043),
                    4: (blueWin: 0.992, redWin: 0.0, tie: 0.008),
                ],
                16: [
                    -3: (blueWin: 0.0, redWin: 0.973, tie: 0.027),
                    -2: (blueWin: 0.027, redWin: 0.865, tie: 0.108),
                    -1: (blueWin: 0.135, redWin: 0.64, tie: 0.225),
                    0: (blueWin: 0.36, redWin: 0.36, tie: 0.28),
                    1: (blueWin: 0.64, redWin: 0.135, tie: 0.225),
                    2: (blueWin: 0.865, redWin: 0.027, tie: 0.108),
                    3: (blueWin: 0.973, redWin: 0.0, tie: 0.027),
                ],
                17: [
                    -2: (blueWin: 0.0, redWin: 0.91, tie: 0.09),
                    -1: (blueWin: 0.09, redWin: 0.67, tie: 0.24),
                    0: (blueWin: 0.33, redWin: 0.33, tie: 0.34),
                    1: (blueWin: 0.67, redWin: 0.09, tie: 0.24),
                    2: (blueWin: 0.91, redWin: 0.0, tie: 0.09),
                ],
                18: [
                    -1: (blueWin: 0.0, redWin: 0.7, tie: 0.3),
                    0: (blueWin: 0.3, redWin: 0.3, tie: 0.4),
                    1: (blueWin: 0.7, redWin: 0.0, tie: 0.3),
                ]
            ]
    ]
    
    static let bestBallProbabilities: [Int: [Int: [Int: (blueWin: Double, redWin: Double, tie: Double)]]] = [
        9: [
            1: [
                0: (blueWin: 0.415, redWin: 0.415, tie: 0.17),
            ],
            2: [
                -1: (blueWin: 0.247, redWin: 0.59, tie: 0.163),
                0: (blueWin: 0.41, redWin: 0.41, tie: 0.18),
                1: (blueWin: 0.59, redWin: 0.247, tie: 0.163),
            ],
            3: [
                -2: (blueWin: 0.11, redWin: 0.768, tie: 0.123),
                -1: (blueWin: 0.232, redWin: 0.596, tie: 0.172),
                0: (blueWin: 0.404, redWin: 0.404, tie: 0.192),
                1: (blueWin: 0.596, redWin: 0.232, tie: 0.172),
                2: (blueWin: 0.768, redWin: 0.11, tie: 0.123),
            ],
            4: [
                -3: (blueWin: 0.029, redWin: 0.908, tie: 0.063),
                -2: (blueWin: 0.092, redWin: 0.785, tie: 0.123),
                -1: (blueWin: 0.215, redWin: 0.603, tie: 0.182),
                0: (blueWin: 0.397, redWin: 0.397, tie: 0.206),
                1: (blueWin: 0.603, redWin: 0.215, tie: 0.182),
                2: (blueWin: 0.785, redWin: 0.092, tie: 0.123),
                3: (blueWin: 0.908, redWin: 0.029, tie: 0.063),
            ],
            5: [
                -4: (blueWin: 0.002, redWin: 0.982, tie: 0.016),
                -3: (blueWin: 0.018, redWin: 0.928, tie: 0.054),
                -2: (blueWin: 0.072, redWin: 0.806, tie: 0.122),
                -1: (blueWin: 0.194, redWin: 0.612, tie: 0.193),
                0: (blueWin: 0.388, redWin: 0.388, tie: 0.225),
                1: (blueWin: 0.612, redWin: 0.194, tie: 0.193),
                2: (blueWin: 0.806, redWin: 0.072, tie: 0.122),
                3: (blueWin: 0.928, redWin: 0.018, tie: 0.054),
                4: (blueWin: 0.982, redWin: 0.002, tie: 0.016),
            ],
            6: [
                -4: (blueWin: 0.0, redWin: 0.992, tie: 0.008),
                -3: (blueWin: 0.008, redWin: 0.95, tie: 0.042),
                -2: (blueWin: 0.05, redWin: 0.832, tie: 0.118),
                -1: (blueWin: 0.168, redWin: 0.625, tie: 0.208),
                0: (blueWin: 0.375, redWin: 0.375, tie: 0.249),
                1: (blueWin: 0.625, redWin: 0.168, tie: 0.208),
                2: (blueWin: 0.832, redWin: 0.05, tie: 0.118),
                3: (blueWin: 0.95, redWin: 0.008, tie: 0.042),
                4: (blueWin: 0.992, redWin: 0.0, tie: 0.008),
            ],
            7: [
                -3: (blueWin: 0.0, redWin: 0.974, tie: 0.026),
                -2: (blueWin: 0.026, redWin: 0.867, tie: 0.107),
                -1: (blueWin: 0.133, redWin: 0.642, tie: 0.226),
                0: (blueWin: 0.358, redWin: 0.358, tie: 0.283),
                1: (blueWin: 0.642, redWin: 0.133, tie: 0.226),
                2: (blueWin: 0.867, redWin: 0.026, tie: 0.107),
                3: (blueWin: 0.974, redWin: 0.0, tie: 0.026),
            ],
            8: [
                -2: (blueWin: 0.0, redWin: 0.913, tie: 0.087),
                -1: (blueWin: 0.087, redWin: 0.671, tie: 0.242),
                0: (blueWin: 0.329, redWin: 0.329, tie: 0.342),
                1: (blueWin: 0.671, redWin: 0.087, tie: 0.242),
                2: (blueWin: 0.913, redWin: 0.0, tie: 0.087),
            ],
            9: [
                -1: (blueWin: 0.0, redWin: 0.705, tie: 0.295),
                0: (blueWin: 0.295, redWin: 0.295, tie: 0.41),
                1: (blueWin: 0.705, redWin: 0.0, tie: 0.295),
            ]
        ],
        18: [
            1: [
                0: (blueWin: 0.439, redWin: 0.439, tie: 0.121),
            ],
            2: [
                -1: (blueWin: 0.319, redWin: 0.562, tie: 0.119),
                0: (blueWin: 0.438, redWin: 0.438, tie: 0.125),
                1: (blueWin: 0.562, redWin: 0.319, tie: 0.119),
            ],
            3: [
                -2: (blueWin: 0.209, redWin: 0.686, tie: 0.105),
                -1: (blueWin: 0.314, redWin: 0.564, tie: 0.122),
                0: (blueWin: 0.436, redWin: 0.436, tie: 0.129),
                1: (blueWin: 0.564, redWin: 0.314, tie: 0.122),
                2: (blueWin: 0.686, redWin: 0.209, tie: 0.105),
            ],
            4: [
                -3: (blueWin: 0.12, redWin: 0.799, tie: 0.081),
                -2: (blueWin: 0.201, redWin: 0.692, tie: 0.107),
                -1: (blueWin: 0.308, redWin: 0.566, tie: 0.126),
                0: (blueWin: 0.434, redWin: 0.434, tie: 0.133),
                1: (blueWin: 0.566, redWin: 0.308, tie: 0.126),
                2: (blueWin: 0.692, redWin: 0.201, tie: 0.107),
                3: (blueWin: 0.799, redWin: 0.12, tie: 0.081),
            ],
            5: [
                -4: (blueWin: 0.058, redWin: 0.888, tie: 0.054),
                -3: (blueWin: 0.112, redWin: 0.807, tie: 0.081),
                -2: (blueWin: 0.193, redWin: 0.698, tie: 0.109),
                -1: (blueWin: 0.302, redWin: 0.569, tie: 0.129),
                0: (blueWin: 0.431, redWin: 0.431, tie: 0.137),
                1: (blueWin: 0.569, redWin: 0.302, tie: 0.129),
                2: (blueWin: 0.698, redWin: 0.193, tie: 0.109),
                3: (blueWin: 0.807, redWin: 0.112, tie: 0.081),
                4: (blueWin: 0.888, redWin: 0.058, tie: 0.054),
            ],
            6: [
                -5: (blueWin: 0.022, redWin: 0.949, tie: 0.029),
                -4: (blueWin: 0.051, redWin: 0.897, tie: 0.052),
                -3: (blueWin: 0.103, redWin: 0.816, tie: 0.081),
                -2: (blueWin: 0.184, redWin: 0.705, tie: 0.111),
                -1: (blueWin: 0.295, redWin: 0.571, tie: 0.134),
                0: (blueWin: 0.429, redWin: 0.429, tie: 0.142),
                1: (blueWin: 0.571, redWin: 0.295, tie: 0.134),
                2: (blueWin: 0.705, redWin: 0.184, tie: 0.111),
                3: (blueWin: 0.816, redWin: 0.103, tie: 0.081),
                4: (blueWin: 0.897, redWin: 0.051, tie: 0.052),
                5: (blueWin: 0.949, redWin: 0.022, tie: 0.029),
            ],
            7: [
                -6: (blueWin: 0.006, redWin: 0.982, tie: 0.012),
                -5: (blueWin: 0.018, redWin: 0.955, tie: 0.026),
                -4: (blueWin: 0.045, redWin: 0.906, tie: 0.05),
                -3: (blueWin: 0.094, redWin: 0.825, tie: 0.08),
                -2: (blueWin: 0.175, redWin: 0.712, tie: 0.113),
                -1: (blueWin: 0.288, redWin: 0.574, tie: 0.138),
                0: (blueWin: 0.426, redWin: 0.426, tie: 0.148),
                1: (blueWin: 0.574, redWin: 0.288, tie: 0.138),
                2: (blueWin: 0.712, redWin: 0.175, tie: 0.113),
                3: (blueWin: 0.825, redWin: 0.094, tie: 0.08),
                4: (blueWin: 0.906, redWin: 0.045, tie: 0.05),
                5: (blueWin: 0.955, redWin: 0.018, tie: 0.026),
                6: (blueWin: 0.982, redWin: 0.006, tie: 0.012),
            ],
            8: [
                -7: (blueWin: 0.001, redWin: 0.996, tie: 0.003),
                -6: (blueWin: 0.004, redWin: 0.986, tie: 0.01),
                -5: (blueWin: 0.014, redWin: 0.962, tie: 0.023),
                -4: (blueWin: 0.038, redWin: 0.915, tie: 0.047),
                -3: (blueWin: 0.085, redWin: 0.836, tie: 0.08),
                -2: (blueWin: 0.164, redWin: 0.721, tie: 0.115),
                -1: (blueWin: 0.279, redWin: 0.577, tie: 0.143),
                0: (blueWin: 0.423, redWin: 0.423, tie: 0.154),
                1: (blueWin: 0.577, redWin: 0.279, tie: 0.143),
                2: (blueWin: 0.721, redWin: 0.164, tie: 0.115),
                3: (blueWin: 0.836, redWin: 0.085, tie: 0.08),
                4: (blueWin: 0.915, redWin: 0.038, tie: 0.047),
                5: (blueWin: 0.962, redWin: 0.014, tie: 0.023),
                6: (blueWin: 0.986, redWin: 0.004, tie: 0.01),
                7: (blueWin: 0.996, redWin: 0.001, tie: 0.003),
            ],
            9: [
                -8: (blueWin: 0.0, redWin: 0.999, tie: 0.0),
                -7: (blueWin: 0.001, redWin: 0.997, tie: 0.002),
                -6: (blueWin: 0.003, redWin: 0.99, tie: 0.008),
                -5: (blueWin: 0.01, redWin: 0.969, tie: 0.02),
                -4: (blueWin: 0.031, redWin: 0.926, tie: 0.044),
                -3: (blueWin: 0.074, redWin: 0.847, tie: 0.078),
                -2: (blueWin: 0.153, redWin: 0.73, tie: 0.117),
                -1: (blueWin: 0.27, redWin: 0.581, tie: 0.149),
                0: (blueWin: 0.419, redWin: 0.419, tie: 0.162),
                1: (blueWin: 0.581, redWin: 0.27, tie: 0.149),
                2: (blueWin: 0.73, redWin: 0.153, tie: 0.117),
                3: (blueWin: 0.847, redWin: 0.074, tie: 0.078),
                4: (blueWin: 0.926, redWin: 0.031, tie: 0.044),
                5: (blueWin: 0.969, redWin: 0.01, tie: 0.02),
                6: (blueWin: 0.99, redWin: 0.003, tie: 0.008),
                7: (blueWin: 0.997, redWin: 0.001, tie: 0.002),
                8: (blueWin: 0.999, redWin: 0.0, tie: 0.0),
            ],
            10: [
                -9: (blueWin: 0.0, redWin: 1.0, tie: 0.0),
                -8: (blueWin: 0.0, redWin: 1.0, tie: 0.0),
                -7: (blueWin: 0.0, redWin: 0.998, tie: 0.001),
                -6: (blueWin: 0.002, redWin: 0.993, tie: 0.006),
                -5: (blueWin: 0.007, redWin: 0.976, tie: 0.017),
                -4: (blueWin: 0.024, redWin: 0.936, tie: 0.04),
                -3: (blueWin: 0.064, redWin: 0.86, tie: 0.076),
                -2: (blueWin: 0.14, redWin: 0.741, tie: 0.119),
                -1: (blueWin: 0.259, redWin: 0.585, tie: 0.156),
                0: (blueWin: 0.415, redWin: 0.415, tie: 0.17),
                1: (blueWin: 0.585, redWin: 0.259, tie: 0.156),
                2: (blueWin: 0.741, redWin: 0.14, tie: 0.119),
                3: (blueWin: 0.86, redWin: 0.064, tie: 0.076),
                4: (blueWin: 0.936, redWin: 0.024, tie: 0.04),
                5: (blueWin: 0.976, redWin: 0.007, tie: 0.017),
                6: (blueWin: 0.993, redWin: 0.002, tie: 0.006),
                7: (blueWin: 0.998, redWin: 0.0, tie: 0.001),
                8: (blueWin: 1.0, redWin: 0.0, tie: 0.0),
                9: (blueWin: 1.0, redWin: 0.0, tie: 0.0),
            ],
            11: [
                -8: (blueWin: 0.0, redWin: 1.0, tie: 0.0),
                -7: (blueWin: 0.0, redWin: 0.999, tie: 0.001),
                -6: (blueWin: 0.001, redWin: 0.996, tie: 0.004),
                -5: (blueWin: 0.004, redWin: 0.983, tie: 0.013),
                -4: (blueWin: 0.017, redWin: 0.947, tie: 0.035),
                -3: (blueWin: 0.053, redWin: 0.874, tie: 0.073),
                -2: (blueWin: 0.126, redWin: 0.753, tie: 0.121),
                -1: (blueWin: 0.247, redWin: 0.59, tie: 0.163),
                0: (blueWin: 0.41, redWin: 0.41, tie: 0.18),
                1: (blueWin: 0.59, redWin: 0.247, tie: 0.163),
                2: (blueWin: 0.753, redWin: 0.126, tie: 0.121),
                3: (blueWin: 0.874, redWin: 0.053, tie: 0.073),
                4: (blueWin: 0.947, redWin: 0.017, tie: 0.035),
                5: (blueWin: 0.983, redWin: 0.004, tie: 0.013),
                6: (blueWin: 0.996, redWin: 0.001, tie: 0.004),
                7: (blueWin: 0.999, redWin: 0.0, tie: 0.001),
                8: (blueWin: 1.0, redWin: 0.0, tie: 0.0),
            ],
            12: [
                -7: (blueWin: 0.0, redWin: 1.0, tie: 0.0),
                -6: (blueWin: 0.0, redWin: 0.998, tie: 0.002),
                -5: (blueWin: 0.002, redWin: 0.989, tie: 0.009),
                -4: (blueWin: 0.011, redWin: 0.959, tie: 0.03),
                -3: (blueWin: 0.041, redWin: 0.89, tie: 0.069),
                -2: (blueWin: 0.11, redWin: 0.768, tie: 0.123),
                -1: (blueWin: 0.232, redWin: 0.596, tie: 0.172),
                0: (blueWin: 0.404, redWin: 0.404, tie: 0.192),
                1: (blueWin: 0.596, redWin: 0.232, tie: 0.172),
                2: (blueWin: 0.768, redWin: 0.11, tie: 0.123),
                3: (blueWin: 0.89, redWin: 0.041, tie: 0.069),
                4: (blueWin: 0.959, redWin: 0.011, tie: 0.03),
                5: (blueWin: 0.989, redWin: 0.002, tie: 0.009),
                6: (blueWin: 0.998, redWin: 0.0, tie: 0.002),
                7: (blueWin: 1.0, redWin: 0.0, tie: 0.0),
            ],
            13: [
                -6: (blueWin: 0.0, redWin: 0.999, tie: 0.001),
                -5: (blueWin: 0.001, redWin: 0.994, tie: 0.005),
                -4: (blueWin: 0.006, redWin: 0.971, tie: 0.023),
                -3: (blueWin: 0.029, redWin: 0.908, tie: 0.063),
                -2: (blueWin: 0.092, redWin: 0.785, tie: 0.123),
                -1: (blueWin: 0.215, redWin: 0.603, tie: 0.182),
                0: (blueWin: 0.397, redWin: 0.397, tie: 0.206),
                1: (blueWin: 0.603, redWin: 0.215, tie: 0.182),
                2: (blueWin: 0.785, redWin: 0.092, tie: 0.123),
                3: (blueWin: 0.908, redWin: 0.029, tie: 0.063),
                4: (blueWin: 0.971, redWin: 0.006, tie: 0.023),
                5: (blueWin: 0.994, redWin: 0.001, tie: 0.005),
                6: (blueWin: 0.999, redWin: 0.0, tie: 0.001),
            ],
            14: [
                -5: (blueWin: 0.0, redWin: 0.998, tie: 0.002),
                -4: (blueWin: 0.002, redWin: 0.982, tie: 0.016),
                -3: (blueWin: 0.018, redWin: 0.928, tie: 0.054),
                -2: (blueWin: 0.072, redWin: 0.806, tie: 0.122),
                -1: (blueWin: 0.194, redWin: 0.612, tie: 0.193),
                0: (blueWin: 0.388, redWin: 0.388, tie: 0.225),
                1: (blueWin: 0.612, redWin: 0.194, tie: 0.193),
                2: (blueWin: 0.806, redWin: 0.072, tie: 0.122),
                3: (blueWin: 0.928, redWin: 0.018, tie: 0.054),
                4: (blueWin: 0.982, redWin: 0.002, tie: 0.016),
                5: (blueWin: 0.998, redWin: 0.0, tie: 0.002),
            ],
            15: [
                -4: (blueWin: 0.0, redWin: 0.992, tie: 0.008),
                -3: (blueWin: 0.008, redWin: 0.95, tie: 0.042),
                -2: (blueWin: 0.05, redWin: 0.832, tie: 0.118),
                -1: (blueWin: 0.168, redWin: 0.625, tie: 0.208),
                0: (blueWin: 0.375, redWin: 0.375, tie: 0.249),
                1: (blueWin: 0.625, redWin: 0.168, tie: 0.208),
                2: (blueWin: 0.832, redWin: 0.05, tie: 0.118),
                3: (blueWin: 0.95, redWin: 0.008, tie: 0.042),
                4: (blueWin: 0.992, redWin: 0.0, tie: 0.008),
            ],
            16: [
                -3: (blueWin: 0.0, redWin: 0.974, tie: 0.026),
                -2: (blueWin: 0.026, redWin: 0.867, tie: 0.107),
                -1: (blueWin: 0.133, redWin: 0.642, tie: 0.226),
                0: (blueWin: 0.358, redWin: 0.358, tie: 0.283),
                1: (blueWin: 0.642, redWin: 0.133, tie: 0.226),
                2: (blueWin: 0.867, redWin: 0.026, tie: 0.107),
                3: (blueWin: 0.974, redWin: 0.0, tie: 0.026),
            ],
            17: [
                -2: (blueWin: 0.0, redWin: 0.913, tie: 0.087),
                -1: (blueWin: 0.087, redWin: 0.671, tie: 0.242),
                0: (blueWin: 0.329, redWin: 0.329, tie: 0.342),
                1: (blueWin: 0.671, redWin: 0.087, tie: 0.242),
                2: (blueWin: 0.913, redWin: 0.0, tie: 0.087),
            ],
            18: [
                -1: (blueWin: 0.0, redWin: 0.705, tie: 0.295),
                0: (blueWin: 0.295, redWin: 0.295, tie: 0.41),
                1: (blueWin: 0.705, redWin: 0.0, tie: 0.295),
            ]
        ]
    
    ]
    
    static let singlesProbabilities: [Int: [Int: [Int: (blueWin: Double, redWin: Double, tie: Double)]]] = [
        9: [
            1: [
                0: (blueWin: 0.421, redWin: 0.421, tie: 0.158),
            ],
            2: [
                -1: (blueWin: 0.263, redWin: 0.583, tie: 0.154),
                0: (blueWin: 0.417, redWin: 0.417, tie: 0.167),
                1: (blueWin: 0.583, redWin: 0.263, tie: 0.154),
            ],
            3: [
                -2: (blueWin: 0.128, redWin: 0.751, tie: 0.121),
                -1: (blueWin: 0.249, redWin: 0.589, tie: 0.162),
                0: (blueWin: 0.411, redWin: 0.411, tie: 0.178),
                1: (blueWin: 0.589, redWin: 0.249, tie: 0.162),
                2: (blueWin: 0.751, redWin: 0.128, tie: 0.121),
            ],
            4: [
                -3: (blueWin: 0.04, redWin: 0.891, tie: 0.069),
                -2: (blueWin: 0.109, redWin: 0.767, tie: 0.123),
                -1: (blueWin: 0.233, redWin: 0.596, tie: 0.171),
                0: (blueWin: 0.404, redWin: 0.404, tie: 0.191),
                1: (blueWin: 0.596, redWin: 0.233, tie: 0.171),
                2: (blueWin: 0.767, redWin: 0.109, tie: 0.123),
                3: (blueWin: 0.891, redWin: 0.04, tie: 0.069),
            ],
            5: [
                -4: (blueWin: 0.005, redWin: 0.974, tie: 0.021),
                -3: (blueWin: 0.026, redWin: 0.911, tie: 0.063),
                -2: (blueWin: 0.089, redWin: 0.788, tie: 0.123),
                -1: (blueWin: 0.212, redWin: 0.604, tie: 0.184),
                0: (blueWin: 0.396, redWin: 0.396, tie: 0.207),
                1: (blueWin: 0.604, redWin: 0.212, tie: 0.184),
                2: (blueWin: 0.788, redWin: 0.089, tie: 0.123),
                3: (blueWin: 0.911, redWin: 0.026, tie: 0.063),
                4: (blueWin: 0.974, redWin: 0.005, tie: 0.021),
            ],
            6: [
                -4: (blueWin: 0.0, redWin: 0.987, tie: 0.013),
                -3: (blueWin: 0.013, redWin: 0.936, tie: 0.05),
                -2: (blueWin: 0.064, redWin: 0.812, tie: 0.124),
                -1: (blueWin: 0.188, redWin: 0.616, tie: 0.195),
                0: (blueWin: 0.384, redWin: 0.384, tie: 0.233),
                1: (blueWin: 0.616, redWin: 0.188, tie: 0.195),
                2: (blueWin: 0.812, redWin: 0.064, tie: 0.124),
                3: (blueWin: 0.936, redWin: 0.013, tie: 0.05),
                4: (blueWin: 0.987, redWin: 0.0, tie: 0.013),
            ],
            7: [
                -3: (blueWin: 0.0, redWin: 0.961, tie: 0.039),
                -2: (blueWin: 0.039, redWin: 0.85, tie: 0.111),
                -1: (blueWin: 0.15, redWin: 0.627, tie: 0.222),
                0: (blueWin: 0.373, redWin: 0.373, tie: 0.255),
                1: (blueWin: 0.627, redWin: 0.15, tie: 0.222),
                2: (blueWin: 0.85, redWin: 0.039, tie: 0.111),
                3: (blueWin: 0.961, redWin: 0.0, tie: 0.039),
            ],
            8: [
                -2: (blueWin: 0.0, redWin: 0.884, tie: 0.116),
                -1: (blueWin: 0.116, redWin: 0.667, tie: 0.218),
                0: (blueWin: 0.333, redWin: 0.333, tie: 0.334),
                1: (blueWin: 0.667, redWin: 0.116, tie: 0.218),
                2: (blueWin: 0.884, redWin: 0.0, tie: 0.116),
            ],
            9: [
                -1: (blueWin: 0.0, redWin: 0.66, tie: 0.34),
                0: (blueWin: 0.34, redWin: 0.34, tie: 0.32),
                1: (blueWin: 0.66, redWin: 0.0, tie: 0.34),
            ]
        ],
        18: [
            1: [
                0: (blueWin: 0.444, redWin: 0.444, tie: 0.113),
            ],
            2: [
                -1: (blueWin: 0.331, redWin: 0.558, tie: 0.111),
                0: (blueWin: 0.442, redWin: 0.442, tie: 0.116),
                1: (blueWin: 0.558, redWin: 0.331, tie: 0.111),
            ],
            3: [
                -2: (blueWin: 0.226, redWin: 0.674, tie: 0.1),
                -1: (blueWin: 0.326, redWin: 0.56, tie: 0.114),
                0: (blueWin: 0.44, redWin: 0.44, tie: 0.12),
                1: (blueWin: 0.56, redWin: 0.326, tie: 0.114),
                2: (blueWin: 0.674, redWin: 0.226, tie: 0.1),
            ],
            4: [
                -3: (blueWin: 0.137, redWin: 0.782, tie: 0.081),
                -2: (blueWin: 0.218, redWin: 0.679, tie: 0.102),
                -1: (blueWin: 0.321, redWin: 0.562, tie: 0.118),
                0: (blueWin: 0.438, redWin: 0.438, tie: 0.123),
                1: (blueWin: 0.562, redWin: 0.321, tie: 0.118),
                2: (blueWin: 0.679, redWin: 0.218, tie: 0.102),
                3: (blueWin: 0.782, redWin: 0.137, tie: 0.081),
            ],
            5: [
                -4: (blueWin: 0.072, redWin: 0.871, tie: 0.057),
                -3: (blueWin: 0.129, redWin: 0.79, tie: 0.081),
                -2: (blueWin: 0.21, redWin: 0.685, tie: 0.104),
                -1: (blueWin: 0.315, redWin: 0.564, tie: 0.121),
                0: (blueWin: 0.436, redWin: 0.436, tie: 0.128),
                1: (blueWin: 0.564, redWin: 0.315, tie: 0.121),
                2: (blueWin: 0.685, redWin: 0.21, tie: 0.104),
                3: (blueWin: 0.79, redWin: 0.129, tie: 0.081),
                4: (blueWin: 0.871, redWin: 0.072, tie: 0.057),
            ],
            6: [
                -5: (blueWin: 0.031, redWin: 0.935, tie: 0.034),
                -4: (blueWin: 0.065, redWin: 0.88, tie: 0.056),
                -3: (blueWin: 0.12, redWin: 0.798, tie: 0.081),
                -2: (blueWin: 0.202, redWin: 0.691, tie: 0.107),
                -1: (blueWin: 0.309, redWin: 0.566, tie: 0.125),
                0: (blueWin: 0.434, redWin: 0.434, tie: 0.132),
                1: (blueWin: 0.566, redWin: 0.309, tie: 0.125),
                2: (blueWin: 0.691, redWin: 0.202, tie: 0.107),
                3: (blueWin: 0.798, redWin: 0.12, tie: 0.081),
                4: (blueWin: 0.88, redWin: 0.065, tie: 0.056),
                5: (blueWin: 0.935, redWin: 0.031, tie: 0.034),
            ],
            7: [
                -6: (blueWin: 0.01, redWin: 0.974, tie: 0.016),
                -5: (blueWin: 0.026, redWin: 0.943, tie: 0.031),
                -4: (blueWin: 0.057, redWin: 0.889, tie: 0.054),
                -3: (blueWin: 0.111, redWin: 0.808, tie: 0.081),
                -2: (blueWin: 0.192, redWin: 0.698, tie: 0.109),
                -1: (blueWin: 0.302, redWin: 0.569, tie: 0.13),
                0: (blueWin: 0.431, redWin: 0.431, tie: 0.137),
                1: (blueWin: 0.569, redWin: 0.302, tie: 0.13),
                2: (blueWin: 0.698, redWin: 0.192, tie: 0.109),
                3: (blueWin: 0.808, redWin: 0.111, tie: 0.081),
                4: (blueWin: 0.889, redWin: 0.057, tie: 0.054),
                5: (blueWin: 0.943, redWin: 0.026, tie: 0.031),
                6: (blueWin: 0.974, redWin: 0.01, tie: 0.016),
            ],
            8: [
                -7: (blueWin: 0.002, redWin: 0.993, tie: 0.005),
                -6: (blueWin: 0.007, redWin: 0.979, tie: 0.013),
                -5: (blueWin: 0.021, redWin: 0.951, tie: 0.028),
                -4: (blueWin: 0.049, redWin: 0.899, tie: 0.052),
                -3: (blueWin: 0.101, redWin: 0.818, tie: 0.081),
                -2: (blueWin: 0.182, redWin: 0.706, tie: 0.112),
                -1: (blueWin: 0.294, redWin: 0.572, tie: 0.135),
                0: (blueWin: 0.428, redWin: 0.428, tie: 0.143),
                1: (blueWin: 0.572, redWin: 0.294, tie: 0.135),
                2: (blueWin: 0.706, redWin: 0.182, tie: 0.112),
                3: (blueWin: 0.818, redWin: 0.101, tie: 0.081),
                4: (blueWin: 0.899, redWin: 0.049, tie: 0.052),
